3
4
5
6
4294967299
4294967300
4294967301
4294967302
4294967303
8589934594
8589934595
8589934596
8589934597
8589934598
8589934599
8589934600
8589934601
12884901890
12884901891
12884901892
12884901893
12884901894
12884901895
12884901896
12884901897
12884901898
12884901899
17179869186
17179869187
17179869188
17179869189
17179869190
17179869191
17179869192
17179869193
17179869194
17179869195
17179869196
17179869197
21474836481
21474836482
21474836483
21474836484
21474836485
21474836486
21474836487
21474836488
21474836489
21474836490
21474836491
21474836492
21474836493
21474836494
25769803777
25769803778
25769803779
25769803780
25769803781
25769803782
25769803783
25769803784
25769803785
25769803786
25769803787
25769803788
25769803789
25769803790
25769803791
30064771073
30064771074
30064771075
30064771076
30064771077
30064771078
30064771079
30064771080
30064771081
30064771082
30064771083
30064771084
30064771085
30064771086
34359738368
34359738369
34359738370
34359738371
34359738372
34359738373
34359738374
34359738375
34359738376
34359738377
34359738378
34359738379
34359738380
34359738381
34359738382
38654705664
38654705665
38654705666
38654705667
38654705668
38654705669
38654705670
38654705671
38654705672
38654705673
38654705674
38654705675
38654705676
38654705677
42949672960
42949672961
42949672962
42949672963
42949672964
42949672965
42949672966
42949672967
42949672968
42949672969
42949672970
42949672971
42949672972
42949672973
47244640256
47244640257
47244640258
47244640259
47244640260
47244640261
47244640262
47244640263
47244640264
47244640265
47244640266
47244640267
47244640268
47244640269
51539607552
51539607553
51539607554
51539607555
51539607556
51539607557
51539607558
51539607559
51539607560
51539607561
51539607562
51539607563
51539607564
55834574848
55834574849
55834574850
55834574851
55834574852
55834574853
55834574854
55834574855
55834574856
55834574857
55834574858
55834574859
55834574860
60129542144
60129542145
60129542146
60129542147
60129542148
60129542149
60129542150
60129542151
60129542152
60129542153
60129542154
60129542155
60129542156
64424509440
64424509441
64424509442
64424509443
64424509444
64424509445
64424509446
64424509447
64424509448
64424509449
64424509450
64424509451
64424509452
68719476736
68719476737
68719476738
68719476739
68719476740
68719476741
68719476742
68719476743
68719476744
68719476745
68719476746
68719476747
68719476748
73014444032
73014444033
73014444034
73014444035
73014444036
73014444037
73014444038
73014444039
73014444040
73014444041
73014444042
73014444043
73014444044
77309411328
77309411329
77309411330
77309411331
77309411332
77309411333
77309411334
77309411335
77309411336
77309411337
77309411338
77309411339
77309411340
81604378624
81604378625
81604378626
81604378627
81604378628
81604378629
81604378630
81604378631
81604378632
81604378633
81604378634
81604378635
81604378636
85899345920
85899345921
85899345922
85899345923
85899345924
85899345925
85899345926
85899345927
85899345928
85899345929
85899345930
85899345931
85899345932
90194313216
90194313217
90194313218
90194313219
90194313220
90194313221
90194313222
90194313223
90194313224
90194313225
90194313226
90194313227
90194313228
94489280512
94489280513
94489280514
94489280515
94489280516
94489280517
94489280518
94489280519
94489280520
94489280521
94489280522
94489280523
94489280524
94489280525
98784247808
98784247809
98784247810
98784247811
98784247812
98784247813
98784247814
98784247815
98784247816
98784247817
98784247818
98784247819
98784247820
98784247821
103079215104
103079215105
103079215106
103079215107
103079215108
103079215109
103079215110
103079215111
103079215112
103079215113
103079215114
103079215115
103079215116
103079215117
107374182401
107374182402
107374182403
107374182404
107374182405
107374182406
107374182407
107374182408
107374182409
107374182410
107374182411
107374182412
107374182413
107374182414
111669149697
111669149698
111669149699
111669149700
111669149701
111669149702
111669149703
111669149704
111669149705
111669149706
111669149707
111669149708
111669149709
111669149710
115964116993
115964116994
115964116995
115964116996
115964116997
115964116998
115964116999
115964117000
115964117001
115964117002
115964117003
115964117004
115964117005
115964117006
115964117007
120259084289
120259084290
120259084291
120259084292
120259084293
120259084294
120259084295
120259084296
120259084297
120259084298
120259084299
120259084300
120259084301
120259084302
120259084303
124554051586
124554051587
124554051588
124554051589
124554051590
124554051591
124554051592
124554051593
124554051594
124554051595
124554051596
124554051597
124554051598
124554051599
124554051600
128849018882
128849018883
128849018884
128849018885
128849018886
128849018887
128849018888
128849018889
128849018890
128849018891
128849018892
128849018893
128849018894
128849018895
128849018896
133143986179
133143986180
133143986181
133143986182
133143986183
133143986184
133143986185
133143986186
133143986187
133143986188
133143986189
133143986190
137438953475
137438953476
137438953477
137438953478
137438953479
137438953480
137438953481
137438953482
137438953483
137438953484
137438953485
141733920772
141733920773
141733920774
141733920775
141733920776
141733920777
141733920778
141733920779
141733920780
146028888068
146028888069
146028888070
146028888071
146028888072
146028888073
146028888074
146028888075
150323855365
150323855366
150323855367
150323855368
150323855369
154618822661
154618822662
154618822663
154618822664
158913789958
158913789959
